----------------------------------
l = 0
C12=CC=CC3=C1C(C(C=C3)=CC=C4)=C4C=C2
Smile id = 3
(base) ['C', 'X', 'X', 'C', 'C', 'C', 'C', 'C', 'X', 'X', 'X', 'X', 'X', 'C', 'X', 'X']
(initial) HOMO-LUMO: 1.7118972730376871
['C', 'P1', 'P1', 'C', 'C', 'C', 'C', 'C', 'C', 'N1', 'N1', 'P1', 'N1', 'C', 'N1', 'N1']


homo_lumo
Molecule with min HOMO-LUMO
(opt) HOMO-LUMO: 1.6568928459690853
['C', 'C', 'P1', 'C', 'C', 'C', 'C', 'C', 'C', 'N1', 'N1', 'P1', 'N1', 'C', 'N1', 'N1']
init params:
[0.37833317 0.22477692 0.39688992]
[8.13017045e-03 5.46230246e-04 9.91323599e-01]
[0.74283334 0.01362725 0.2435394 ]
[8.46399116e-03 9.91182234e-01 3.53775026e-04]
[0.04076915 0.95167649 0.00755436]
[0.00817178 0.00166277 0.99016545]
[0.19776764 0.79521492 0.00701743]
[1.17128899e-04 9.69281237e-01 3.06016337e-02]
[0.00175955 0.99558042 0.00266003]
final params:
[0.41729288 0.17647488 0.40623223]
[8.20318825e-03 5.48687304e-04 9.91248124e-01]
[0.80243576 0.01264809 0.18491615]
[8.57717535e-03 9.91066523e-01 3.56301498e-04]
[0.0476972  0.94416708 0.00813572]
[0.00823446 0.00167016 0.99009539]
[0.10123608 0.89345784 0.00530608]
[1.17056575e-04 9.69302592e-01 3.05803514e-02]
[0.00173932 0.99563144 0.00262923]
----------------------------------
2022-04-28 10:29:27.996690
